10400001
10040001
320100000
20004000
200001030
2130000
10000032
102001002
10101012
100001202
200021010
11013000
100000410
10000401
1200021
10221
10300002
101020020
102300
20012001
100120101
110111010
101111100
3010101
2000220
10113000
210120
12001011
2000310
200400
10202100
10401
10010013
31001001
300000003
201010002
1221000
101002011
110121
100000014
210000000
220000101
111102000
10101003
30001200
102011001
400011
130020
3300000
30000
10004100
11100003
10010220
10010001
111012
202020000
200002002
2201010
200210100
300010011
110102010
1002111
40101
1021101
210000012
200000001
300101001
30010110
11010201
201210
102
102201
122100000
14010000
2101110
2110011
201100002
30200010
102102000
220002
310000200
100200030
220100001
200000211
100002201
100002012
210000300
20010201
101202000
3012000
401100
100101021
1100022
2102001
210021000
200000202
30020100
102100002
310100010
301020
200202
100002102
10023
112011
1110102
1002201
122001000
111101100
110110101
2001003
10000200
100010001
1000230
100021002
100020201
1020210
10200000
200100300
210011001
3001200
13010100
102011100
1001013
1122000
100111110
11100
1014000
2101200
3000000
103000200
110020011
10000131
101000040
20210010
20000031
101110020
1300101
101101011
200200002
20201010
20022000
11040000
1010112
200002020
100011000
1101102
202002
20100210
10200102
310100001
20000121
102020100
2002011
104100
110310
300300
210101100
102210000
101030100
3020010
1010103
1400100
20101011
130010001
4101000
101200101
21300000
301101000
200200020
120012000
130000110
101100111
103000011
101001111
21210
102000102
11102100
11011011
10103100
300011100
20001030
30101010
201100110
212001
100000041
100011111
110022000
200030001
30111
110002200
13000110
300003
200100111
100020000
10210101
10100121
1100001
20002020
200101002
30011010
102100200
20030001
101103000
2100003
30002010
110100021
1210101
100020021
20200011
3030
20000112
30010020
11100012
4001001
1020021
121100010
4010010
210201
21102
111000000
103101000
211000101
10030101
3021
401100000
10100400
210102
42000
210000030
101110200
1013100
1200210
10011012
20100003
202001001
101010120
1310010
100410
100001022
2220000
101021100
2111001
10120200
100201002
100010121
110001300
31000200
120011001
2300100
101030001
2003010
100310001
200100120
203000100
11110200
200000013
10000113
10010112
2301
10002300
100000401
11130
100011102
100100400
20100120
220000011
30001020
20120010
310110
110001003
20101020
1012002
11301
23000010
11211000
101000310
200100
2102100
130101
10021101
1020201
123000000
10010100
2040000
11001210
2101011
10010004
400000110
10001400
30100101
2200020
1110120
20111100
11001300
10100301
100101
100100121
1101021
303000000
400020000
100041000
200002110
110000211
10000023
11200101
1030200
11001120
210000
100112001
110021100
200002101
300001101
110010210
101000013
120030
221100000
112000200
110011110
1200030
300100002
21000120
202200
121010010
1401000
201000012
110012010
101022000
11004000
10100103
40101000
31110
21020100
100112100
20301
11100111
200100012
101021001
210003000
40000020
100004010
200001111
11003100
31020
2010
2040
230000100
20000001
200011002
10022100
2110020
20103
111210000
101100300
110101200
12200001
100121010
1220001
111030
111200010
2020200
1000002
1001112
100130010
100102020
12
210101010
20011110
10010400
11010111
1010010
210102000
110022
311000010
103000002
200110020
101201100
1030101
101013
30000300
120120000
20010120
1040100
100011201
13100100
21000012
11001201
22100100
1001130
12110001
211110
410100000
212000001
110200200
10003110
10210110
23100
4200
30000003
110001201
1002003
1101000
10201020
100200021
21000
21111
0
200101200
2400000
213000
110202
1200120
202000200
100000020
22100001
100023
100000110
1131000
3001101
10101
300110100
10003011
21010002
20120100
1002102
13110
100010310
30100200
110011020
11011110
4010100
100011120
14001000
21001020
11011200
204000000
201111000
200020110
200020101
100040010
312
11001012
300101100
20110110
100202100
202110
21110010
2300001
100100004
130002000
122010000
203010000
20200020
1110021
112000011
30010200
2002110
100130001
100001100
301101
100012002
2012001
40002000
113000100
400010010
31101000
200004
100020012
1302
1410
111001020
310011
10100013
20300001
201002100
101002101
1110201
101120100
201001011
10220010
10220001
130000200
100014000
122100
2030010
100011
1012011
130000002
13000101
100301010
10000020
2004000
21002001
210120000
100300101
201200010
1002000
112000110
120200100
111200100
300201
1100112
1200201
10040100
10112100
10000221
20202
121110
2310
131100000
10110300
201010200
1021200
11100210
2100201
2010012
200201010
10001121
2020011
3001020
10200210
220002000
110020101
11103
1011102
10040010
23100000
103001010
100300110
110001111
111002001
3101001
100010220
1120002
201000003
13001100
1020111
12002001
101013000
111110010
101300100
2000040
400001100
12000003
202110000
220010001
110000001
201100011
30200100
11031000
220011000
300111000
22010100
200010003
1003020
12001101
2001201
1310001
10103001
330000
100300002
300000210
101010210
11100120
101100021
101010012
201100020
30000201
2012010
10001301
1012110
100210020
10100112
3120
210300000
110010003
300000021
131000010
1021002
2100030
100100103
211020000
112110000
211010010
10011111
10000302
10000212
40100001
14001
1201020
230010000
21000003
201001110
300102000
121002
200200110
10122000
12000012
201120
20010210
100001220
12100101
101000202
40000101
200100030
210000201
130100001
101010
10012002
110301
200030100
210010200
11111010
3200100
231000000
120030000
21110100
20011011
201021000
13010001
2021010
3001011
22110000
10023000
110121000
20021010
10032
131010000
121000002
204000
400010100
4000011
1000320
120111
200111001
102120000
200010021
11120010
121020000
100030020
200003100
111100020
111010200
40001001
301200
100311
120111000
111300000
112000101
300200010
2130
12011010
200121
111201
21010020
120101001
1113
11022000
3001002
100211010
202000002
21210000
200000040
11021100
101210010
210200001
200000010
102100101
320100
101100102
110021010
20011200
11201100
110021001
201001020
101000301
400101
103011
211000110
120110100
20020002
200000220
30102
103100010
1102011
300200100
200001210
22200
41000010
12003000
212001000
221000100
10030011
10020021
101020101
102002001
103200
140010
120000000
301000002
300200001
111120000
110013
1110012
112010010
103101
200301
1000410
201000021
101012010
100120020
20301000
31010100
110010201
21002010
1001001
10100022
100110210
20010012
1020
3201
100001001
20121000
101220000
100111101
20100021
11110002
30110010
120100020
400100001
10031010
300002010
220101
201201
20111010
110101002
12210000
30020001
213000000
130000020
100032000
20000013
11001111
110201001
1040010
100000002
20101002
111020100
1011000
102000000
113000010
212000010
20130000
111000030
10001112
101210100
221001
230001
10103010
40110
10100010
210200100
110001012
103010010
110100210
13002
311010000
200100000
101200011
400200
10200030
101000031
12100020
201000210
101101101
21120
301011000
22000101
120201000
300002001
220200000
3111000
22001001
10020210
20110200
30012000
120000
1021011
203000010
102010101
11202
101010021
100001040
10001013
20400
1001301
1000110
1230
1012020
112002
211110000
20111001
200011101
1002210
10400010
101022
300001200
20101200
10002120
101001012
20040
1040001
141000000
20010000
200000400
221100
240000
10113
210010101
200001300
111010002
21000102
12300
210012
22000200
122000001
10310010
200210010
3000210
100230
110010012
11001
302001000
20001201
100002120
2020101
2200002
1310100
101020110
101220
30030000
3000030
10301100
210002010
101110011
200211
120110001
1021110
11120001
1010022
22011000
300100020
100030002
3020100
10022010
1011
2201001
140010000
301001010
111010020
20012010
201300
100122
31002
10010301
100410000
11200011
2022000
100400100
10121010
210100101
20001300
201002010
132000
1112010
100100001
100110021
110004
300030000
211101000
20002002
2100300
101010111
101110101
40010001
12110010
110202000
300000012
1110030
10001040
11121
1010001
13200000
102001110
311001
20121
101002110
1003011
301000020
21001110
1031010
301001001
200010300
20001120
110111001
30001011
1001100
10012020
10140
3210
112011000
103000101
200020011
10111200
100301001
100301100
111021000
102100020
410100
100001010
1011030
100200102
212010
400100010
120002010
100110111
20101101
2000103
10100130
22020
312000000
121100001
12200100
3100002
10011300
10104
4002
400001010
10230000
110200011
300010200
210020010
2300010
201001200
1001310
40200000
113010000
203000001
11400000
101310
102210
1120101
300010101
10111011
101201010
200100102
111000012
1020102
201000000
100302000
33000
41000100
20003100
110101011
3201000
10120101
100201011
140001
100110300
111100002
103100100
102000021
212100
101120010
2400
300003000
20010111
201101100
3000021
310100100
100310100
3111
202000101
100031010
210000210
2000004
102111
1000020
100101201
111011100
100002030
202100010
1002030
110010300
11111100
111020001
1000203
120000300
301000200
200220000
100200111
1000140
2110110
30012
21201
10030200
3200010
200022
100104
401010000
122000100
100320000
20103000
102012
1300011
12010020
11012100
101210001
410010000
122000010
220100100
20300010
12012
200300010
100211100
4100100
10110003
100102002
10100310
103000020
20100300
20100030
110101020
1400001
10012101
100113000
100111020
100001013
211001001
32010
3030000
1302000
2101101
100202001
100002
1100220
300201000
210010002
11000400
100100211
202010001
231000
110200002
10200111
11103000
12100002
100010211
22010010
10120011
211020
200003001
20012100
121100100
21100101
111102
21011001
211002
40020
100012020
200310000
110020110
10000311
102002100
1011012
11000103
11000121
2100210
1031001
103110000
10002111
3
112001001
113100
102000111
20100111
400001001
201001002
101200200
101012001
11201001
200110002
2010201
101001201
1203
102030000
201000300
300010002
33
1103010
10001022
213
104100000
4002000
2001210
2000211
101000211
130011
111001110
200030010
10111101
11002200
200002011
300000201
201020001
100101012
114000000
202002000
211000200
20202000
10010121
111200001
102000120
101101002
1000014
30100020
101211000
100000212
21200001
230100000
12000030
300001020
1000200
31010001
101001003
2211
10001004
121000011
20400000
10211100
10000203
123
112002000
220010010
200101011
10012011
1212
110001
210100110
101200110
3000120
2000112
101030010
1100103
111030000
300020001
100020111
10001310
100100301
100021020
1200102
120000012
1200300
102012000
12010011
31000020
11110011
1200000
2100111
12000300
200211000
100131000
200001003
10210020
102020001
100041
100001301
1140000
200121000
3003
100010100
310002000
20200101
11300001
12101010
1001211
131100
10002003
10003101
100110030
30110100
300110001
2310000
10112001
420
310010100
31020000
141000
100021110
2210001
1011201
101102001
110200101
101101110
100021200
2000100
11101110
202011
111120
120120
110020002
101001030
22002
132
1010121
10021110
12021000
401001
101301
2002200
1011120
100100010
110103
22200000
100104000
30021000
101001000
1023
12102
1100400
201030
2100012
24000000
10410000
12002100
12000120
12000
10013001
1100310
30111000
30000111
31000011
100001121
100300011
11112000
11100030
100001103
200031000
201010110
100111011
110130
1201110
400000011
23000100
20020110
30201000
1111020
104010
4011
220001010
1140
1311000
11000220
310010001
20001111
1103001
11022
300100011
201110100
11200110
10013010
221010
113010
120012
200400000
100003110
200101020
101011011
10301001
100100202
20010021
1101120
100020210
120000003
20100000
30200001
1000311
200020020
100000203
20001210
2001021
410000001
130110000
10300110
300111
110100201
101130
110031
1201101
210201000
11020020
101003001
111101001
31010010
11000130
1202010
100311000
120101100
20102010
32000100
1100301
120102000
20201001
1210110
200021001
200101101
10011201
1202001
11012001
100110012
103002000
201102000
12010200
301011
210100200
11110020
101010000
110003100
11010030
110010120
111000120
23000001
13001010
110100030
110004000
20021100
100012110
12102000
111000210
310020
302010
1010301
211200000
120011010
20000100
2000130
2100021
1201002
120102
202001100
211100100
222000
30000021
1100130
120201
1001022
121010100
20220000
210001101
40002
100022010
32001
110220
12030000
11110110
2001300
102030
10020120
4110000
110030100
2030100
21300
102003
130001100
10200201
10110102
121101
100011210
1101
101004
202011000
200201100
200000130
21100011
10110
210300
320001
21101100
101102010
100120002
110010
310200000
102021000
103010001
11112
2021001
21030000
200000310
10101030
4000101
321000
10010310
3012
31011000
1111110
10101000
2000001
110003010
330
111020010
201020010
41010000
120021000
10030020
300010110
211200
1100004
1030002
102001200
2002002
1010400
10202001
200110110
200010210
12000201
10310001
1030110
100040001
121011000
20001003
10012110
22100010
1030020
1104000
11210001
100012101
1003002
21000210
101001120
201300000
10320000
200002200
21020001
220001100
202000011
201000102
11100201
200120100
101300010
101000400
102000201
12300000
202200000
201030000
121000110
2010120
2103
11200020
200102001
302010000
411
210101001
31000110
111100011
20001021
30011001
3120000
321000000
1113000
100010400
30
1010031
11020011
201000201
101011101
14010
100203
110201100
111001200
3000012
220200
2121
100000113
3100020
2200101
10110201
1023000
2001000
212100000
200200011
100101030
41001000
10130001
202001010
110001102
30001002
2021100
310000020
200000103
10100001
200003010
110120100
1301100
2201100
140000100
301020000
202000110
3000
10001031
102010002
200100021
10110120
100140
3010002
3000102
10100004
101100
10011
130001010
130100100
12200010
21021
200013000
200021100
100110003
10000104
111003000
401000100
210100020
110111100
111100110
11202000
21002100
1011111
3010011
302100
100221
1001004
211001100
200130000
10031100
30210000
10310100
11030100
10100031
23010
21
210001110
110000130
200100201
1210011
100011300
2000121
200200200
101031000
101003100
11012010
110000022
2103000
11301000
102100011
31200000
120100011
100030011
120001002
2010111
11310
100202010
10002021
302000001
110300100
32010000
100110000
20100201
121000020
300100110
20000310
11101011
100140000
201111
1200012
400200000
121000101
110031000
110020200
10000041
1110000
1004100
410001
310000101
101040000
300000102
300110010
10101102
10203
20100102
100002000
10003002
211100010
201201000
101100030
200001021
1230000
101002200
31110000
311000100
121101000
210001200
1121010
12001110
30000012
102011010
20120001
300101010
101020002
11101002
210011100
100020030
100003002
3011001
3011100
210002001
101010102
10211010
20011002
102000030
301000011
120020001
200000301
100120011
24000
31101
1120200
201110001
10110111
1112100
101102100
131001
1211001
21010200
11002110
20004
11102001
102010011
40000110
13000200
120000120
1020000
11220
40010100
21111000
300011010
11002101
10013100
11300100
1000101
100100031
112101000
110300010
110211000
110100111
400110
120000111
110310000
210001020
101101200
2012100
1102110
302001
100100220
210100002
100023000
110020020
110011002
11210010
10021002
101100003
101200020
1201200
10001130
2202000
11010210
200010
420000000
220000200
3300
110000031
22011
120021
11000031
10100211
101100012
301200000
100200300
21200100
201002001
2110002
101211
120210
103200000
103011000
20003010
10001103
102101010
11001030
10201002
210210
200010030
10000110
2200200
101300001
2112
1002300
203001
100010010
1201011
14100000
201011100
10032000
100030200
301110
10010130
101111001
201
1101111
100201101
10101210
200012100
201110010
1020003
13001001
2001102
20022
212010000
200020200
2020110
101002002
13100010
100121001
1101201
310001010
210010110
110002110
4000002
121020
11013
112020000
101112000
110000004
20110101
211100001
2200011
101020011
1010130
121001010
11310000
201120000
111300
30210
100002021
311100
203010
300012
100010013
2000010
201012
21030
1130001
23010000
110201010
100020300
12001002
10001001
1010202
10130100
100011012
1311
10000011
30000210
12010101
2102010
30100011
12201000
201200100
2000022
121110000
300120000
10302000
10010103
100100100
1001103
20211000
210010011
100111200
10001100
22000011
200010000
100101210
1004001
100212000
101101020
100201020
1022001
300000300
13020000
210020001
20000400
1100010
10030002
200000112
11001102
10002102
2120100
210110100
200000022
1300002
101000004
102101001
40011
400101000
110100000
100000230
21001011
220000020
3010020
100103001
200100003
110030001
20001102
114000
210000120
220011
10011102
1101003
100200
100021101
40110000
120100101
20002101
100003101
2001030
100400010
12000111
20200110
201100200
100001211
121200
13101
11004
101400000
101121000
111010011
3010200
120300
210
2120001
203001000
2111100
3110100
102010200
10021011
12201
20200002
110101110
110010102
111000
100000122
103100001
10002012
300100200
21100200
141
222
10010010
10110021
112200000
30001101
12010110
111011001
110120010
100110
20220
10041
110200020
20013000
31001010
21021000
32000001
201200001
10201200
212000100
301010100
20040000
110030010
100030101
400002
1220100
21003
200000031
2010003
2110200
10002
410000100
300000
411000
110002011
12000210
10120020
20031
11400
100101003
2020002
1000041
100230000
10300200
100003200
14100
2011002
101001
110102100
30010101
3102000
402000
300000111
13002000
311000001
211000011
103020
211101
2111010
220020000
200004000
11010000
100012200
100113
1103100
111000111
1410000
10131000
21011010
311100000
22000110
21101001
101001102
100220001
111111000
110112000
20000004
400020
1111101
200120010
110100102
31011
230000001
10300101
110040000
11000022
310020000
11003010
100200210
10221000
200110011
100401000
120002001
11100300
20110020
120000030
300120
101000121
12030
10311
1401
311001000
200300001
10014000
11210100
240
122001
101010201
100210002
110120001
1013010
210000111
3001110
20030010
100040100
10210002
10100100
20112
300000000
113000001
111003
10011003
10012200
12002010
10200021
113001
20210100
20010003
10102011
111210
12000102
11101020
100220010
1400010
300021000
11121000
200012010
2010000
30010011
2002101
1211010
10320
20300100
120001200
111011010
10101111
104001
1014
1220010
31000002
101110110
30020010
21001002
10203000
110100300
10020111
21100020
100210101
100103100
100200120
101100201
101004000
320010
210111
100102011
100013100
112110
12110100
3020001
40011000
20003001
3100011
11130000
21010011
3100110
11020110
310011000
130000101
103020000
12011100
131010
1010211
1131
240000000
400110000
210020100
20011101
40200
11100102
3000003
200010111
102200100
1020030
200001
10200300
110000400
102110001
210030
30001110
300
11011002
1022100
1001121
320000001
211002000
110110020
10112010
310000011
10000320
30000120
401001000
120110010
11000301
410000010
10000014
111101010
1004010
12000021
123000
30000030
101130000
110110200
100101300
110012001
200010012
101000220
2001012
201021
300300000
200111100
110011200
11002002
100020003
110000121
10001010
2002020
1011300
101000001
2101002
401010
40000200
300210000
100031100
20000202
10004001
11020200
2011110
1000113
1020120
200022000
210000021
31100001
3210000
1003110
203100
204
400000101
21003000
21011100
2220
210110001
1010013
20020101
10111002
3000201
100211001
402000000
210111000
202010100
110200110
1100040
102102
11000040
13101000
121001100
22001010
10000230
104000010
111002100
200130
102000300
201000111
20001012
200001201
110003001
12100200
2020020
101000100
110400000
200101110
120010020
300010020
11000013
1011021
14000100
1300020
2013000
10020000
120001020
301100010
10011030
102010020
1003101
120010200
10101300
110110110
10000101
11100021
10121100
111111
200010201
1012200
10001202
140100000
10140000
100000221
11003001
2031000
112200
100110201
310110000
301000101
300012000
300020100
100022100
11002011
10110210
20310
210210000
10002000
20001000
30102000
102021
2210010
11010300
12001020
101002020
2101020
112020
411000000
200011011
100013010
10011021
12010002
100100130
100100022
2100120
102000003
22001100
100002003
11200002
113001000
210010020
12020100
111001002
2112000
41010
113100000
100001400
20000040
202010010
120010101
102100110
101001021
100102200
140000001
130010100
121200000
21120000
200112
200210001
100012011
22020000
21101010
4000200
100310010
120010002
20002011
100003011
201020100
104000100
2011011
112000020
30030
100000311
110000013
10200120
200103
104010000
101110002
202100100
101000130
230100
100010202
10131
111002010
130200
11040
1112001
400011000
103001100
20000220
20011020
1012101
202000020
220001001
310101
100110120
110211
1130010
100010112
1010040
201210000
110010111
11002020
210003
100122000
1320000
1002021
210110010
10100202
31200
10020
3000300
302000010
110210100
120000102
1101012
1020012
102000
10122
301002000
221000010
10020030
100030110
12001200
10101120
111000003
100000131
10002210
1031100
101000103
11010
2202
210000003
300030
101200002
3101010
12012000
2011200
100002111
301010010
200000121
11110101
111010101
100100112
2031
10020102
10104000
211010001
30100110
201000
400002000
20201100
10000122
21001101
10101201
120100002
30002001
4200000
1020300
1110
1200003
11001000
11001003
210030000
23001000
303000
10300011
201000120
100021011
220110
20130
10010022
1002
302100000
20000022
100000023
1221
111021
21100002
101111010
10230
1022010
100200003
20020011
30100002
201010101
202020
200220
2013
1100013
121000200
110001000
11030010
10400100
130020000
4000110
100220100
10100040
130101000
130110
23001
2100102
10031001
40001010
301001100
2301000
13100001
2110101
211011
1120110
1121001
210002100
120001101
100000101
11000010
100120200
110210010
101100120
121002000
110220000
41000001
1003200
1301001
1001202
220101000
111000300
12111000
1121100
1111011
10101021
1102101
20010300
200011110
20002110
1001400
200011200
3101100
103110
10121001
200000004
4010001
30120
231
110000202
101040
1002012
132000000
100200000
200202000
100003020
311010
100201200
10001220
110001021
1002120
310002
3002001
111001101
11200200
1210020
2120010
102300000
201012000
301100001
20010102
310000002
101001210
201011001
111010110
12020001
102002010
101000112
13000020
210100011
120020010
200111010
102110010
10102002
100020
12111
110000301
111110001
40010010
11000100
10201101
400000200
20010030
20000301
10212000
100010040
1102200
22002000
211011000
10011000
12100110
1100121
112001010
10041000
4001010
11201010
400000020
210012000
120000021
121010001
10210011
100103010
20100012
410010
4011000
3011010
21000201
1000212
11010012
20001
40000011
100203000
1030011
2000301
100000320
1200
2022
110013000
41100
120002100
11000112
300102
211010100
220100010
2200110
11000202
10102101
100212
2100
101010030
300011001
100000011
101011200
200040
1120011
100011021
211001010
10000002
1111200
2011020
10220100
10120110
201003
30011100
1300110
21020010
1000221
110001210
11100000
20100
20010
120100200
10030110
111110100
100001310
1320
10211001
101112
410001000
4000020
14000001
1011210
1001220
100110102
10022001
3102
110301000
10111110
100101000
11030001
221001000
21000300
10130010
32100
312000
100320
100022001
112101
120001110
10300020
210000102
100400001
1100202
220000002
110002101
4020000
202101
101301000
12020010
13200
100020120
201101010
1210002
21000030
10010211
11101200
11021001
120010110
21102000
20110011
1000032
100120110
10020012
300000120
11211
21001200
2001111
102001101
1000122
120003
300001110
110010030
31100100
3200001
10202010
10200
330000000
102003000
22000002
110000112
100121100
3002010
201101001
101202
3021000
101011020
20210001
1100031
200000100
110000103
100111002
12101100
21110001
2003001
11010120
100101120
202101000
10201110
10020300
20000010
101400
20031000
30003
2010030
130002
100101102
100010031
120
1100100
10000410
21201000
1300200
100401
42
11300010
102000210
1210200
310010010
10003020
4110
110000220
310000110
4001100
3110010
100210110
100102101
10100220
101121
110130000
10011120
200001120
31001100
101100000
10110000
1041000
2003100
201003000
200300100
120020100
120000210
200100210
13011
310001100
112010100
300020010
100112010
420000
100100013
10010040
4101
10311000
300100101
400010001
1111002
11120100
21200010
111000201
1000401
22000020
3000111
20000103
114
2011101
2010210
320001000
301010001
20102001
20013
110000010
10000140
12011001
11011101
100013001
320000010
110011101
110101101
13020
1000023
11011020
13011000
120210000
110012100
101011110
1101030
110102001
200031
100010301
120200010
10003200
100000200
101010003
4020
120003000
121001001
1130100
100010130
21100110
110210001
110040
401000001
120010011
102001011
100130100
1032000
101021010
111000021
1120020
10401000
110002002
201011010
102110100
10014
12120
13000011
10200003
100011003
200201001
100001004
130100010
230010
300210
21012
111012000
110011011
100020102
20211
201000030
200103000
1122
1010310
1211100
110010021
1001031
120300000
101310000
210011010
201010011
1000131
200120001
10201011
110100
130011000
131000100
200010102
101020200
10212
1041
30002100
30101001
3100200
1011003
120200001
131001000
101010300
40100100
1010004
101201001
300021
10200012
1102020
1102002
122010
101100210
103010100
200001012
11101101
30021
14000010
2121000
10102200
1021020
30000000
103000110
100000104
200102100
110112
32000010
200310
201010020
102200010
321
320010000
102111000
100300200
100201110
100300020
3002100
100210200
130001001
2100000
102001020
30003000
302000100
32100000
13110000
2000031
301110000
200200101
200040000
200020002
112100010
2000013
1001040
100004001
40020000
300001011
31100010
100002210
3110001
140100
100100040
1202100
42000000
1200111
2010300
2001120
111000102
110100012
10021020
100001031
300002100
102200001
1301010
11020101
301000110
10020003
102000012
22101
11000001
100131
101031
110100003
30120000
31002000
30010002
102201000
102010110
101012100
10302
120101010
200112000
100000302
104001000
112100001
100200012
20021001
200110200
100001112
11220000
41001
130000011
221000001
400100100
200001000
100001130
21010110
100101111
1101210
112000002
120100110
20112000
100000032
20101110
10004010
200010120
32001000
320000100
41100000
110002020
20000130
100210011
100014
11031
2010021
203100000
401000010
1110003
30101100
310200
110100120
100200201
101103
220010100
211000002
3100101
1101300
10002201
30300000
110103000
10110030
2211000
200110101
11021010
11010102
1000011
20310000
200301000
110110002
31000101
2004
1104
1000302
4100010
1000104
10410
140001000
210200010
110001030
131000001
10210200
10002030
110000100
301100100
11020002
10102110
10001211
2030001
3010110
211000020
110010000
310001001
10111020
201001101
100302
201100101
4100001
12000000
21000000
13000002
20000211
30000102
111001011
110400
100032
11111001
11001021
10102020
10010202
221010000
100010103
100221000
200102010
10010031
102020010
2000202
10120002
40000002
20020200
110000040
10011210
222000000
12120000
101001300
1010220
111100101
100102110
10020201
121011
300000030
100004100
210001011
111100200
110001120
200001102
110110011
101000022
400000002
110300001
112010001
11102010
104000001
112100100
11000310
33000000
120011100
120001011
30110001
11000211
103002
301002
140000010
220110000
303
1110111
20020020
20102100
402
12210
12101001
100010022
10301010
100011030
11010003
111201000
230000010
1203000
13010010
111
2010102
200013
310101000
20002200
100002300
100000140
101003010
1212000
12003
22110
22101000
20200200
20030100
10021200
11010021
3003000
40100010
100010004
101120001
1032
1100211
10110012
210021
230001000
2210100
2000400
201102
40001100
21000111
110000310
200011020
102120
30201
1013001
12021
21010101
22010001
11000004
1010100
30300
21012000
100100310
120000201
24
130010010
202100001
101011002
220020
101000010
220000110
210001002
300001002
103001001
102101100
1001010
12100011
21000021
100031001
200012001
130200000
112001100
1110300
20110002
2001
1110210
